# 2025-02-12
# helpers_aesthetics.R

# quick ref of aesthetics objects that can be used for all this stuff lol 
# so i dont have to keep looking for them all the time


# temperatures

# ntw temps
aes_temp4C <- c("26-26°C", "40-19°C", "40-26°C", "40-33°C")
aes_temp4 <- c("26-26", "40-19", "40-26", "40-33")
aes_temp4col <- c("#4393ce", "#fdae61", "#d73027", "#a50026")


aes_temp3C <- c("40-19°C", "40-26°C", "40-33°C")
aes_temp3C <- c("40-19", "40-26", "40-33")
aes_temp3col <- c("#fdae61", "#d73027", "#a50026")



# life stages
aes_stages <- c("larva", "pupa", "adult")
aes_stagescol <- c("#1B9E77", "#D95F02", "#7570B3")



# misc
aes_2col <- c("#D95F02", "#7570B3")
aes_3col <- c("#1B9E77", "#D95F02", "#7570B3")
