# 2025-02-12
# helpers_aesthetics.R

# quick ref of aesthetics objects that can be used for all this stuff lol 
# so i dont have to keep looking for them all the time

bin_aes <- list(temp4 = list(labswC = c("26-26°C", "40-19°C", "40-26°C", "40-33°C"),
                             labsnoC = c("26-26", "40-19", "40-26", "40-33"),
                             col = c("#4393ce", "#fdae61", "#d73027", "#a50026")),
                temp3 = list(labswC = c("40-19°C", "40-26°C", "40-33°C"),
                             labsnoC = c("40-19", "40-26", "40-33"),
                             col = c("#fdae61", "#d73027", "#a50026")),
                
                pals = list(col2 = c("#4393ce", "#fdae61"),
                            col3 = c("#1B9E77", "#D95F02", "#7570B3")),
                
                stages = list(labs = c("larva", "pupa", "adult"),
                              col = c("#1B9E77", "#D95F02", "#7570B3")),
                sexes = list(ptfill_all = c(19, 17, 15),
                             ptboth_all = c(21, 24, 22),
                             colall = c("#019e73","#cc79a7","#0072b2"),
                             ptfill_mf = c(24, 22),
                             colmf = c("#cc79a7","#0072b2"))
                )


# temperatures

# ntw temps
# aes_4tempC <- c("26-26°C", "40-19°C", "40-26°C", "40-33°C")
# aes_4temp <- c("26-26", "40-19", "40-26", "40-33")
# aes_4tempcol <- c("#4393ce", "#fdae61", "#d73027", "#a50026")


# aes_3tempC <- c("40-19°C", "40-26°C", "40-33°C")
# aes_3tempC <- c("40-19", "40-26", "40-33")
# aes_3tempcol <- c("#fdae61", "#d73027", "#a50026")





# life stages
# aes_stg <- c("larva", "pupa", "adult")
# aes_stgcol <- c("#1B9E77", "#D95F02", "#7570B3")





# misc
# aes_2col <- c("#D95F02", "#7570B3")
# aes_3col <- c("#1B9E77", "#D95F02", "#7570B3")


